Nombre
 A U p f fv angNorte tilt tipo codigo0 codigo1
6 3
"P02_E01_FI001"
 63.999996 0.369712 518.375000 0.000000 0.000000 270.000000 180.000000 0 -1 -2
"P02_E01_PE001"
 32.000000 0.215687 366.750000 0.000000 0.000000 180.000000 90.000000 0 5 -2
"P02_E01_PE002"
 32.000000 0.215687 366.750000 0.000000 0.000000 90.000000 90.000000 0 6 -2
"P02_E01_PE003"
 32.000000 0.215687 366.750000 0.000000 0.000000 0.000000 90.000000 0 7 -2
"P02_E01_PE004"
 32.000000 0.215687 366.750000 0.000000 0.000000 270.000000 90.000000 0 8 -2
"P02_E01_CUB001"
 63.999996 0.382331 518.375000 0.000000 0.000000 270.000000 0.000000 0 9 -2
"P01_E01"
 -1 0 64.000000 0.000000
"P02_E01"
 -2 1 64.000000 4.812179
"P03_E01"
 -3 0 64.000000 0.000000
