0 ; 60.764145
1 ; 90.434280
2 ; 116.229530
3 ; 110.912521
4 ; 89.265694
5 ; 111.601257
6 ; 117.662712
7 ; 91.772369
8 ; 220.045319
"P01_E01_PE001_V1"; 270.000000; 1.000000; 117662.789062; 117620.578125; 117620.578125; 46045.281250; 3315.258057
"P01_E01_PE003_V1"; 270.000000; 1.000000; 117662.789062; 76711.867188; 76711.867188; 76711.867188; 5523.258789
"P01_E01_PE005_V1"; 0.000000; 2.000000; 60764.265625; 59443.316406; 59443.316406; 59443.316406; 4279.916992
"P01_E01_PE005_V2"; 0.000000; 2.000000; 60764.265625; 59443.316406; 59443.316406; 59443.316406; 4279.916992
"P01_E01_PE005_V3"; 0.000000; 2.000000; 60764.265625; 59443.316406; 59443.316406; 59443.316406; 4279.916992
"P01_E02_PE001_V1"; 270.000000; 1.000000; 117662.789062; 77326.085938; 77326.085938; 77326.085938; 5567.480957
"P01_E02_PE003_V1"; 270.000000; 1.000000; 117662.789062; 117620.578125; 117620.578125; 46045.281250; 3315.258057
"P01_E02_PE004_V2"; 180.000000; 2.000000; 89265.695312; 88208.734375; 88208.734375; 88208.734375; 6351.028809
"P01_E02_PE004_V3"; 180.000000; 2.000000; 89265.695312; 88208.734375; 88208.734375; 88208.734375; 6351.028809
"P01_E02_PE004_V4"; 180.000000; 2.000000; 89265.695312; 88208.734375; 88208.734375; 88208.734375; 6351.028809
"P01_E02_PE006_V1"; 180.000000; 2.000000; 89265.695312; 68006.000000; 68006.000000; 68006.000000; 4896.432129
"P01_E03_PE002_V1"; 180.000000; 2.000000; 89265.695312; 88208.734375; 88208.734375; 88208.734375; 6351.028809
"P01_E03_PE002_V2"; 180.000000; 2.000000; 89265.695312; 88208.734375; 88208.734375; 88208.734375; 6351.028809
"P01_E03_PE002_V3"; 180.000000; 2.000000; 89265.695312; 88208.734375; 88208.734375; 88208.734375; 6351.028809
"P01_E03_PE003_V1"; 90.000000; 1.000000; 116229.601562; 116187.367188; 116187.367188; 48965.140625; 3525.488281
"P01_E03_PE005_V1"; 90.000000; 1.000000; 116229.601562; 76560.179688; 76560.179688; 76560.179688; 5512.335449
"P01_E04_PE002_V1"; 90.000000; 1.000000; 116229.601562; 75556.890625; 75556.890625; 75556.890625; 5440.092285
"P01_E04_PE004_V1"; 90.000000; 1.000000; 116229.601562; 116187.367188; 116187.367188; 48965.140625; 3525.488281
"P01_E04_PE005_V4"; 0.000000; 2.000000; 60764.265625; 59443.316406; 59443.316406; 59443.316406; 4279.916992
"P01_E04_PE005_V5"; 0.000000; 2.000000; 60764.265625; 59443.316406; 59443.316406; 59443.316406; 4279.916992
"P01_E04_PE005_V6"; 0.000000; 2.000000; 60764.265625; 59443.316406; 59443.316406; 59443.316406; 4279.916992
"P01_E05_PE001_V1"; 0.000000; 2.000000; 60764.265625; 45549.171875; 45549.171875; 45549.171875; 3279.540039
"P02_E01_PE001_V"; 270.000000; 1.000000; 117662.789062; 117620.578125; 117620.578125; 46045.281250; 3315.258057
"P02_E01_PE003_V"; 270.000000; 1.000000; 117662.789062; 79664.781250; 79664.781250; 79664.781250; 5735.861328
"P02_E01_PE005_V"; 0.000000; 2.000000; 60764.265625; 59443.316406; 59443.316406; 59443.316406; 4279.916992
"P02_E01_PE005_V2"; 0.000000; 2.000000; 60764.265625; 59443.316406; 59443.316406; 59443.316406; 4279.916992
"P02_E01_PE005_V3"; 0.000000; 2.000000; 60764.265625; 59443.316406; 59443.316406; 59443.316406; 4279.916992
"P02_E02_PE006_V"; 270.000000; 1.000000; 117662.789062; 78592.234375; 78592.234375; 78592.234375; 5658.634766
"P02_E02_PE008_V"; 270.000000; 1.000000; 117662.789062; 117620.578125; 117620.578125; 46045.281250; 3315.258057
"P02_E02_PE009_V"; 180.000000; 2.000000; 89265.695312; 88208.734375; 88208.734375; 88208.734375; 6351.028809
"P02_E02_PE009_V2"; 180.000000; 2.000000; 89265.695312; 88208.734375; 88208.734375; 88208.734375; 6351.028809
"P02_E02_PE009_V3"; 180.000000; 2.000000; 89265.695312; 88208.734375; 88208.734375; 88208.734375; 6351.028809
"P02_E02_PE011_V"; 180.000000; 2.000000; 89265.695312; 67734.250000; 67734.250000; 67734.250000; 4876.862793
"P02_E03_PE013_V2"; 180.000000; 2.000000; 89265.695312; 88208.734375; 88208.734375; 88208.734375; 6351.028809
"P02_E03_PE013_V3"; 180.000000; 2.000000; 89265.695312; 88208.734375; 88208.734375; 88208.734375; 6351.028809
"P02_E03_PE013_V4"; 180.000000; 2.000000; 89265.695312; 88208.734375; 88208.734375; 88208.734375; 6351.028809
"P02_E03_PE014_V"; 90.000000; 1.000000; 116229.601562; 116187.367188; 116187.367188; 48965.140625; 3525.488281
"P02_E03_PE016_V"; 90.000000; 1.000000; 116229.601562; 77385.562500; 77385.562500; 77385.562500; 5571.760254
"P02_E04_PE018_V"; 90.000000; 1.000000; 116229.601562; 80279.664062; 80279.664062; 80279.664062; 5780.134766
"P02_E04_PE020_V"; 90.000000; 1.000000; 116229.601562; 116187.367188; 116187.367188; 48965.140625; 3525.488281
"P02_E04_PE021_V"; 0.000000; 2.000000; 60764.265625; 59443.316406; 59443.316406; 59443.316406; 4279.916992
"P02_E04_PE021_V2"; 0.000000; 2.000000; 60764.265625; 59443.316406; 59443.316406; 59443.316406; 4279.916992
"P02_E04_PE021_V3"; 0.000000; 2.000000; 60764.265625; 59443.316406; 59443.316406; 59443.316406; 4279.916992
"P02_E05_PE022_V"; 0.000000; 2.000000; 60764.265625; 46391.074219; 46391.074219; 46391.074219; 3340.158691
"P03_E01_PE001_V"; 270.000000; 1.000000; 117662.789062; 117620.578125; 117620.578125; 46045.281250; 3315.258057
"P03_E01_PE003_V"; 270.000000; 1.000000; 117662.789062; 82184.593750; 82184.593750; 82184.593750; 5917.293457
"P03_E01_PE005_V"; 0.000000; 2.000000; 60764.265625; 59443.316406; 59443.316406; 59443.316406; 4279.916992
"P03_E01_PE005_V_1"; 0.000000; 2.000000; 60764.265625; 59443.316406; 59443.316406; 59443.316406; 4279.916992
"P03_E01_PE005_V_2"; 0.000000; 2.000000; 60764.265625; 59443.316406; 59443.316406; 59443.316406; 4279.916992
"P03_E02_PE006_V"; 270.000000; 1.000000; 117662.789062; 80236.390625; 80236.390625; 80236.390625; 5777.020996
"P03_E02_PE009_V"; 180.000000; 2.000000; 89265.695312; 88208.734375; 88208.734375; 88208.734375; 6351.028809
"P03_E02_PE009_V_3"; 180.000000; 2.000000; 89265.695312; 88208.734375; 88208.734375; 88208.734375; 6351.028809
"P03_E02_PE009_V_4"; 180.000000; 2.000000; 89265.695312; 88208.734375; 88208.734375; 88208.734375; 6351.028809
"P03_E02_PE011_V"; 180.000000; 2.000000; 89265.695312; 75276.648438; 75276.648438; 75276.648438; 5419.921387
"P03_E02_ME001_V01"; 270.000000; 1.000000; 117662.789062; 117620.578125; 117620.578125; 46045.281250; 3315.258057
"P03_E03_PE013_V"; 180.000000; 2.000000; 89265.695312; 88208.734375; 88208.734375; 88208.734375; 6351.028809
"P03_E03_PE013_V_5"; 180.000000; 2.000000; 89265.695312; 88208.734375; 88208.734375; 88208.734375; 6351.028809
"P03_E03_PE013_V_6"; 180.000000; 2.000000; 89265.695312; 88208.734375; 88208.734375; 88208.734375; 6351.028809
"P03_E03_PE014_V"; 90.000000; 1.000000; 116229.601562; 116187.367188; 116187.367188; 48965.140625; 3525.488281
"P03_E03_PE016_V"; 90.000000; 1.000000; 116229.601562; 79016.117188; 79016.117188; 79016.117188; 5689.161133
"P03_E04_PE018_V"; 90.000000; 1.000000; 116229.601562; 82063.351562; 82063.351562; 82063.351562; 5908.568359
"P03_E04_PE020_V"; 90.000000; 1.000000; 116229.601562; 116187.367188; 116187.367188; 48965.140625; 3525.488281
"P03_E04_PE021_V"; 0.000000; 2.000000; 60764.265625; 59443.316406; 59443.316406; 59443.316406; 4279.916992
"P03_E04_PE021_V_7"; 0.000000; 2.000000; 60764.265625; 59443.316406; 59443.316406; 59443.316406; 4279.916992
"P03_E04_PE021_V_8"; 0.000000; 2.000000; 60764.265625; 59443.316406; 59443.316406; 59443.316406; 4279.916992
"P03_E05_PE022_V"; 0.000000; 2.000000; 60764.265625; 47916.503906; 47916.503906; 47916.503906; 3449.985596
"P04_E01_PE001_V"; 270.000000; 1.000000; 117662.789062; 117620.578125; 117620.578125; 46045.281250; 3315.258057
"P04_E01_PE003_V"; 270.000000; 1.000000; 117662.789062; 104498.023438; 104498.023438; 104498.023438; 7523.854492
"P04_E01_PE005_V"; 0.000000; 2.000000; 60764.265625; 59443.316406; 59443.316406; 59443.316406; 4279.916992
"P04_E01_PE005_V_1"; 0.000000; 2.000000; 60764.265625; 59443.316406; 59443.316406; 59443.316406; 4279.916992
"P04_E01_PE005_V_2"; 0.000000; 2.000000; 60764.265625; 59443.316406; 59443.316406; 59443.316406; 4279.916992
"P04_E02_PE006_V"; 270.000000; 1.000000; 117662.789062; 106804.210938; 106804.210938; 106804.210938; 7689.905273
"P04_E02_PE008_V"; 180.000000; 2.000000; 89265.695312; 88208.734375; 88208.734375; 88208.734375; 6351.028809
"P04_E02_PE008_V_3"; 180.000000; 2.000000; 89265.695312; 88208.734375; 88208.734375; 88208.734375; 6351.028809
"P04_E02_PE008_V_4"; 180.000000; 2.000000; 89265.695312; 88208.734375; 88208.734375; 88208.734375; 6351.028809
"P04_E02_PE010_V"; 180.000000; 2.000000; 89265.695312; 83767.539062; 83767.539062; 83767.539062; 6031.257324
"P04_E02_PE011_V"; 270.000000; 1.000000; 117662.789062; 117620.578125; 117620.578125; 46045.281250; 3315.258057
"P04_E03_PE013_V"; 180.000000; 2.000000; 89265.695312; 88208.734375; 88208.734375; 88208.734375; 6351.028809
"P04_E03_PE013_V_5"; 180.000000; 2.000000; 89265.695312; 88208.734375; 88208.734375; 88208.734375; 6351.028809
"P04_E03_PE013_V_6"; 180.000000; 2.000000; 89265.695312; 88208.734375; 88208.734375; 88208.734375; 6351.028809
"P04_E03_PE014_V"; 90.000000; 1.000000; 116229.601562; 116187.367188; 116187.367188; 48965.140625; 3525.488281
"P04_E03_PE016_V"; 90.000000; 1.000000; 116229.601562; 105670.500000; 105670.500000; 105670.500000; 7608.272949
"P04_E04_PE018_V"; 90.000000; 1.000000; 116229.601562; 101408.367188; 101408.367188; 101408.367188; 7301.398926
"P04_E04_PE020_V"; 90.000000; 1.000000; 116229.601562; 116187.367188; 116187.367188; 48965.140625; 3525.488281
"P04_E04_PE021_V"; 0.000000; 2.000000; 60764.265625; 59443.316406; 59443.316406; 59443.316406; 4279.916992
"P04_E04_PE021_V_7"; 0.000000; 2.000000; 60764.265625; 59443.316406; 59443.316406; 59443.316406; 4279.916992
"P04_E04_PE021_V_8"; 0.000000; 2.000000; 60764.265625; 59443.316406; 59443.316406; 59443.316406; 4279.916992
"P04_E05_PE022_V"; 0.000000; 2.000000; 60764.265625; 52413.847656; 52413.847656; 52413.847656; 3773.793213
