Nombre
 A U p f fv angNorte tilt tipo codigo0 codigo1
264 20
"P01_E01_PE001_V1"
 1.000000 2.028000 9.000000 0.757640 0.757640 270.000000 90.000000 1 0 -1
"P01_E01_PE001"
 14.000000 0.423020 164.100006 0.000000 0.000000 270.000000 90.000000 0 1 -1
"P01_E01_PE002"
 4.549987 0.423020 164.100006 0.000000 0.000000 180.000000 90.000000 0 2 -1
"P01_E01_PE003_V1"
 1.000000 2.028000 9.000000 0.757640 0.757640 270.000000 90.000000 1 3 -1
"P01_E01_PE003"
 5.875000 0.423020 164.100006 0.000000 0.000000 270.000000 90.000000 0 4 -1
"P01_E01_PE004"
 6.475000 0.423020 164.100006 0.000000 0.000000 90.000000 90.000000 0 5 -1
"P01_E01_PE005_V1"
 2.000000 2.028000 9.000000 0.757640 0.757640 0.000000 90.000000 1 6 -1
"P01_E01_PE005_V2"
 2.000000 2.028000 9.000000 0.757640 0.757640 0.000000 90.000000 1 7 -1
"P01_E01_PE005_V3"
 2.000000 2.028000 9.000000 0.757640 0.757640 0.000000 90.000000 1 8 -1
"P01_E01_PE005"
 17.174988 0.423020 164.100006 0.000000 0.000000 0.000000 90.000000 0 9 -1
"P01_E01_Med004"
 9.549999 0.491970 35.000000 0.000000 0.000000 180.000000 90.000000 -4 -2 -1
"P01_E01_Med005"
 1.964212 0.491970 35.000000 0.000000 0.000000 137.579163 90.000000 -4 -2 -1
"P01_E01_Med006"
 7.624999 0.491970 35.000000 0.000000 0.000000 180.000000 90.000000 -4 -2 -1
"P01_E01_Med007"
 14.075001 0.491970 35.000000 0.000000 0.000000 90.000000 90.000000 -4 -5 -1
"P01_E01_FI018"
 74.337273 0.550741 817.250000 0.000000 0.000000 270.000000 0.000000 -2 -1 -1
"P01_E01_FTER001"
 74.337273 0.371232 4.000000 0.000000 0.000000 270.000000 180.000000 -3 15 -1
"P01_E02_PE001_V1"
 1.000000 2.028000 9.000000 0.757640 0.757640 270.000000 90.000000 1 16 -2
"P01_E02_PE001"
 5.224999 0.423020 164.100006 0.000000 0.000000 270.000000 90.000000 0 17 -2
"P01_E02_PE002"
 4.549987 0.423020 164.100006 0.000000 0.000000 0.000000 90.000000 0 18 -2
"P01_E02_PE003_V1"
 1.000000 2.028000 9.000000 0.757640 0.757640 270.000000 90.000000 1 19 -2
"P01_E02_PE003"
 14.000000 0.423020 164.100006 0.000000 0.000000 270.000000 90.000000 0 20 -2
"P01_E02_PE004_V2"
 2.000000 2.028000 9.000000 0.757640 0.757640 180.000000 90.000000 1 21 -2
"P01_E02_PE004_V3"
 2.000000 2.028000 9.000000 0.757640 0.757640 180.000000 90.000000 1 22 -2
"P01_E02_PE004_V4"
 2.000000 2.028000 9.000000 0.757640 0.757640 180.000000 90.000000 1 23 -2
"P01_E02_PE004"
 17.174988 0.423020 164.100006 0.000000 0.000000 180.000000 90.000000 0 24 -2
"P01_E02_PE005"
 3.100001 0.423020 164.100006 0.000000 0.000000 90.000000 90.000000 0 25 -2
"P01_E02_PE006_V1"
 2.000000 2.028000 9.000000 0.757640 0.757640 180.000000 90.000000 1 26 -2
"P01_E02_PE006"
 5.200000 0.423020 164.100006 0.000000 0.000000 180.000000 90.000000 0 27 -2
"P01_E02_Med007"
 9.525000 0.491970 35.000000 0.000000 0.000000 90.000000 90.000000 -4 -3 -2
"P01_E02_Med008"
 7.200000 0.491970 35.000000 0.000000 0.000000 0.000000 90.000000 -4 -5 -2
"P01_E02_Med009"
 9.925000 0.491970 35.000000 0.000000 0.000000 90.000000 90.000000 -4 -5 -2
"P01_E02_FI019"
 86.913460 0.550741 817.250000 0.000000 0.000000 270.000000 0.000000 -2 -2 -2
"P01_E02_FTER002"
 86.913460 0.371232 6.000000 0.000000 0.000000 270.000000 180.000000 -3 32 -2
"P01_E03_PE001"
 3.100001 0.423020 164.100006 0.000000 0.000000 270.000000 90.000000 0 33 -3
"P01_E03_PE002_V1"
 2.000000 2.028000 9.000000 0.757640 0.757640 180.000000 90.000000 1 34 -3
"P01_E03_PE002_V2"
 2.000000 2.028000 9.000000 0.757640 0.757640 180.000000 90.000000 1 35 -3
"P01_E03_PE002_V3"
 2.000000 2.028000 9.000000 0.757640 0.757640 180.000000 90.000000 1 36 -3
"P01_E03_PE002"
 17.175013 0.423020 164.100006 0.000000 0.000000 180.000000 90.000000 0 37 -3
"P01_E03_PE003_V1"
 1.000000 2.028000 9.000000 0.757640 0.757640 90.000000 90.000000 1 38 -3
"P01_E03_PE003"
 14.000000 0.423020 164.100006 0.000000 0.000000 90.000000 90.000000 0 39 -3
"P01_E03_PE004"
 4.550014 0.423020 164.100006 0.000000 0.000000 0.000000 90.000000 0 40 -3
"P01_E03_PE005_V1"
 1.000000 2.028000 9.000000 0.757640 0.757640 90.000000 90.000000 1 41 -3
"P01_E03_PE005"
 6.550000 0.423020 164.100006 0.000000 0.000000 90.000000 90.000000 0 42 -3
"P01_E03_Med001"
 8.599999 0.491970 35.000000 0.000000 0.000000 270.000000 90.000000 -4 -5 -3
"P01_E03_Med008"
 7.624999 0.491970 35.000000 0.000000 0.000000 0.000000 90.000000 -4 -4 -3
"P01_E03_Med009"
 1.964211 0.491970 35.000000 0.000000 0.000000 317.579132 90.000000 -4 -4 -3
"P01_E03_Med010"
 9.550000 0.491970 35.000000 0.000000 0.000000 0.000000 90.000000 -4 -4 -3
"P01_E03_FI020"
 75.940727 0.550741 817.250000 0.000000 0.000000 270.000000 0.000000 -2 -3 -3
"P01_E03_FTER003"
 75.940720 0.371232 5.000000 0.000000 0.000000 270.000000 180.000000 -3 48 -3
"P01_E04_PE001"
 6.475000 0.423020 164.100006 0.000000 0.000000 270.000000 90.000000 0 49 -4
"P01_E04_PE002_V1"
 1.000000 2.028000 9.000000 0.757640 0.757640 90.000000 90.000000 1 50 -4
"P01_E04_PE002"
 4.550000 0.423020 164.100006 0.000000 0.000000 90.000000 90.000000 0 51 -4
"P01_E04_PE003"
 4.550014 0.423020 164.100006 0.000000 0.000000 180.000000 90.000000 0 52 -4
"P01_E04_PE004_V1"
 1.000000 2.028000 9.000000 0.757640 0.757640 90.000000 90.000000 1 53 -4
"P01_E04_PE004"
 14.000000 0.423020 164.100006 0.000000 0.000000 90.000000 90.000000 0 54 -4
"P01_E04_PE005_V4"
 2.000000 2.028000 9.000000 0.757640 0.757640 0.000000 90.000000 1 55 -4
"P01_E04_PE005_V5"
 2.000000 2.028000 9.000000 0.757640 0.757640 0.000000 90.000000 1 56 -4
"P01_E04_PE005_V6"
 2.000000 2.028000 9.000000 0.757640 0.757640 0.000000 90.000000 1 57 -4
"P01_E04_PE005"
 17.175013 0.423020 164.100006 0.000000 0.000000 0.000000 90.000000 0 58 -4
"P01_E04_Med002"
 15.400001 0.491970 35.000000 0.000000 0.000000 270.000000 90.000000 -4 -5 -4
"P01_E04_FI021"
 74.337334 0.550741 817.250000 0.000000 0.000000 270.000000 0.000000 -2 -4 -4
"P01_E04_FTER004"
 74.337334 0.371232 4.000000 0.000000 0.000000 270.000000 180.000000 -3 61 -4
"P01_E05_PE001_V1"
 2.000000 2.028000 9.000000 0.757640 0.757640 0.000000 90.000000 1 62 -5
"P01_E05_PE001"
 5.200000 0.423020 164.100006 0.000000 0.000000 0.000000 90.000000 0 63 -5
"P01_E05_FI022"
 27.648003 1.513515 375.500000 0.000000 0.000000 270.000000 0.000000 -2 -5 -5
"P01_E05_FTER005"
 27.648003 0.371232 5.000000 0.000000 0.000000 270.000000 180.000000 -3 65 -5
"P02_E01_PE001_V"
 1.000000 2.028000 9.000000 0.757640 0.757640 270.000000 90.000000 1 66 -6
"P02_E01_PE001"
 14.000000 0.423020 164.100006 0.000000 0.000000 270.000000 90.000000 0 67 -6
"P02_E01_PE002"
 4.549987 0.423020 164.100006 0.000000 0.000000 180.000000 90.000000 0 68 -6
"P02_E01_PE003_V"
 1.000000 2.028000 9.000000 0.757640 0.757640 270.000000 90.000000 1 69 -6
"P02_E01_PE003"
 5.875000 0.423020 164.100006 0.000000 0.000000 270.000000 90.000000 0 70 -6
"P02_E01_PE004"
 6.475000 0.423020 164.100006 0.000000 0.000000 90.000000 90.000000 0 71 -6
"P02_E01_PE005_V"
 2.000000 2.028000 9.000000 0.757640 0.757640 0.000000 90.000000 1 72 -6
"P02_E01_PE005_V2"
 2.000000 2.028000 9.000000 0.757640 0.757640 0.000000 90.000000 1 73 -6
"P02_E01_PE005_V3"
 2.000000 2.028000 9.000000 0.757640 0.757640 0.000000 90.000000 1 74 -6
"P02_E01_PE005"
 17.174988 0.423020 164.100006 0.000000 0.000000 0.000000 90.000000 0 75 -6
"P02_E01_Med001"
 9.549999 0.491970 35.000000 0.000000 0.000000 180.000000 90.000000 -4 -7 -6
"P02_E01_Med002"
 1.964212 0.491970 35.000000 0.000000 0.000000 137.579163 90.000000 -4 -7 -6
"P02_E01_Med003"
 7.624999 0.491970 35.000000 0.000000 0.000000 180.000000 90.000000 -4 -7 -6
"P02_E01_Med004"
 14.075001 0.491970 35.000000 0.000000 0.000000 90.000000 90.000000 -4 -10 -6
"P02_E01_FI005"
 74.337273 1.367790 280.399994 0.000000 0.000000 270.000000 180.000000 -2 -6 -6
"P02_E01_FI040"
 74.337273 0.550741 817.250000 0.000000 0.000000 270.000000 0.000000 -2 -6 -6
"P02_E02_PE006_V"
 1.000000 2.028000 9.000000 0.757640 0.757640 270.000000 90.000000 1 82 -7
"P02_E02_PE006"
 5.224999 0.423020 164.100006 0.000000 0.000000 270.000000 90.000000 0 83 -7
"P02_E02_PE007"
 4.549987 0.423020 164.100006 0.000000 0.000000 0.000000 90.000000 0 84 -7
"P02_E02_PE008_V"
 1.000000 2.028000 9.000000 0.757640 0.757640 270.000000 90.000000 1 85 -7
"P02_E02_PE008"
 14.000000 0.423020 164.100006 0.000000 0.000000 270.000000 90.000000 0 86 -7
"P02_E02_PE009_V"
 2.000000 2.028000 9.000000 0.757640 0.757640 180.000000 90.000000 1 87 -7
"P02_E02_PE009_V2"
 2.000000 2.028000 9.000000 0.757640 0.757640 180.000000 90.000000 1 88 -7
"P02_E02_PE009_V3"
 2.000000 2.028000 9.000000 0.757640 0.757640 180.000000 90.000000 1 89 -7
"P02_E02_PE009"
 17.174988 0.423020 164.100006 0.000000 0.000000 180.000000 90.000000 0 90 -7
"P02_E02_PE010"
 3.100001 0.423020 164.100006 0.000000 0.000000 90.000000 90.000000 0 91 -7
"P02_E02_PE011_V"
 2.000000 2.028000 9.000000 0.757640 0.757640 180.000000 90.000000 1 92 -7
"P02_E02_PE011"
 5.200000 0.423020 164.100006 0.000000 0.000000 180.000000 90.000000 0 93 -7
"P02_E02_Med006"
 9.525000 0.491970 35.000000 0.000000 0.000000 90.000000 90.000000 -4 -8 -7
"P02_E02_Med007"
 7.200000 0.491970 35.000000 0.000000 0.000000 0.000000 90.000000 -4 -10 -7
"P02_E02_Med008"
 9.925000 0.491970 35.000000 0.000000 0.000000 90.000000 90.000000 -4 -10 -7
"P02_E02_FI009"
 86.913460 1.367790 280.399994 0.000000 0.000000 270.000000 180.000000 -2 -7 -7
"P02_E02_FI041"
 86.913460 0.550741 817.250000 0.000000 0.000000 270.000000 0.000000 -2 -7 -7
"P02_E03_PE012"
 3.100001 0.423020 164.100006 0.000000 0.000000 270.000000 90.000000 0 99 -8
"P02_E03_PE013_V2"
 2.000000 2.028000 9.000000 0.757640 0.757640 180.000000 90.000000 1 100 -8
"P02_E03_PE013_V3"
 2.000000 2.028000 9.000000 0.757640 0.757640 180.000000 90.000000 1 101 -8
"P02_E03_PE013_V4"
 2.000000 2.028000 9.000000 0.757640 0.757640 180.000000 90.000000 1 102 -8
"P02_E03_PE013"
 17.175013 0.423020 164.100006 0.000000 0.000000 180.000000 90.000000 0 103 -8
"P02_E03_PE014_V"
 1.000000 2.028000 9.000000 0.757640 0.757640 90.000000 90.000000 1 104 -8
"P02_E03_PE014"
 14.000000 0.423020 164.100006 0.000000 0.000000 90.000000 90.000000 0 105 -8
"P02_E03_PE015"
 4.550014 0.423020 164.100006 0.000000 0.000000 0.000000 90.000000 0 106 -8
"P02_E03_PE016_V"
 1.000000 2.028000 9.000000 0.757640 0.757640 90.000000 90.000000 1 107 -8
"P02_E03_PE016"
 6.550000 0.423020 164.100006 0.000000 0.000000 90.000000 90.000000 0 108 -8
"P02_E03_Med010"
 8.599999 0.491970 35.000000 0.000000 0.000000 270.000000 90.000000 -4 -10 -8
"P02_E03_Med011"
 7.624999 0.491970 35.000000 0.000000 0.000000 0.000000 90.000000 -4 -9 -8
"P02_E03_Med012"
 1.964211 0.491970 35.000000 0.000000 0.000000 317.579132 90.000000 -4 -9 -8
"P02_E03_Med013"
 9.550000 0.491970 35.000000 0.000000 0.000000 0.000000 90.000000 -4 -9 -8
"P02_E03_FI014"
 75.940720 1.367790 280.399994 0.000000 0.000000 270.000000 180.000000 -2 -8 -8
"P02_E03_FI042"
 75.940727 0.550741 817.250000 0.000000 0.000000 270.000000 0.000000 -2 -8 -8
"P02_E04_PE017"
 6.475000 0.423020 164.100006 0.000000 0.000000 270.000000 90.000000 0 115 -9
"P02_E04_PE018_V"
 1.000000 2.028000 9.000000 0.757640 0.757640 90.000000 90.000000 1 116 -9
"P02_E04_PE018"
 4.550000 0.423020 164.100006 0.000000 0.000000 90.000000 90.000000 0 117 -9
"P02_E04_PE019"
 4.550014 0.423020 164.100006 0.000000 0.000000 180.000000 90.000000 0 118 -9
"P02_E04_PE020_V"
 1.000000 2.028000 9.000000 0.757640 0.757640 90.000000 90.000000 1 119 -9
"P02_E04_PE020"
 14.000000 0.423020 164.100006 0.000000 0.000000 90.000000 90.000000 0 120 -9
"P02_E04_PE021_V"
 2.000000 2.028000 9.000000 0.757640 0.757640 0.000000 90.000000 1 121 -9
"P02_E04_PE021_V2"
 2.000000 2.028000 9.000000 0.757640 0.757640 0.000000 90.000000 1 122 -9
"P02_E04_PE021_V3"
 2.000000 2.028000 9.000000 0.757640 0.757640 0.000000 90.000000 1 123 -9
"P02_E04_PE021"
 17.175013 0.423020 164.100006 0.000000 0.000000 0.000000 90.000000 0 124 -9
"P02_E04_Med015"
 15.400001 0.491970 35.000000 0.000000 0.000000 270.000000 90.000000 -4 -10 -9
"P02_E04_FI016"
 74.337334 1.367790 280.399994 0.000000 0.000000 270.000000 180.000000 -2 -9 -9
"P02_E04_FI043"
 74.337334 0.550741 817.250000 0.000000 0.000000 270.000000 0.000000 -2 -9 -9
"P02_E05_PE022_V"
 2.000000 2.028000 9.000000 0.757640 0.757640 0.000000 90.000000 1 128 -10
"P02_E05_PE022"
 5.200000 0.423020 164.100006 0.000000 0.000000 0.000000 90.000000 0 129 -10
"P02_E05_FI017"
 27.648003 1.367790 280.399994 0.000000 0.000000 270.000000 180.000000 -2 -10 -10
"P02_E05_FI044"
 27.648003 0.550741 817.250000 0.000000 0.000000 270.000000 0.000000 -2 -10 -10
"P03_E01_PE001_V"
 1.000000 2.028000 9.000000 0.757640 0.757640 270.000000 90.000000 1 132 -11
"P03_E01_PE001"
 14.000000 0.423020 164.100006 0.000000 0.000000 270.000000 90.000000 0 133 -11
"P03_E01_PE002"
 4.549987 0.423020 164.100006 0.000000 0.000000 180.000000 90.000000 0 134 -11
"P03_E01_PE003_V"
 1.000000 2.028000 9.000000 0.757640 0.757640 270.000000 90.000000 1 135 -11
"P03_E01_PE003"
 5.875000 0.423020 164.100006 0.000000 0.000000 270.000000 90.000000 0 136 -11
"P03_E01_PE004"
 6.475000 0.423020 164.100006 0.000000 0.000000 90.000000 90.000000 0 137 -11
"P03_E01_PE005_V"
 2.000000 2.028000 9.000000 0.757640 0.757640 0.000000 90.000000 1 138 -11
"P03_E01_PE005_V_1"
 2.000000 2.028000 9.000000 0.757640 0.757640 0.000000 90.000000 1 139 -11
"P03_E01_PE005_V_2"
 2.000000 2.028000 9.000000 0.757640 0.757640 0.000000 90.000000 1 140 -11
"P03_E01_PE005"
 17.174988 0.423020 164.100006 0.000000 0.000000 0.000000 90.000000 0 141 -11
"P03_E01_Med001"
 9.549999 0.491970 35.000000 0.000000 0.000000 180.000000 90.000000 -4 -12 -11
"P03_E01_Med002"
 1.964212 0.491970 35.000000 0.000000 0.000000 137.579163 90.000000 -4 -12 -11
"P03_E01_Med003"
 7.624999 0.491970 35.000000 0.000000 0.000000 180.000000 90.000000 -4 -12 -11
"P03_E01_Med004"
 14.075001 0.491970 35.000000 0.000000 0.000000 90.000000 90.000000 -4 -15 -11
"P03_E01_FI005"
 74.337273 0.550741 817.250000 0.000000 0.000000 270.000000 180.000000 -2 -11 -11
"P03_E01_FI004"
 74.337273 0.550741 817.250000 0.000000 0.000000 270.000000 0.000000 -2 -11 -11
"P03_E02_PE006_V"
 1.000000 2.028000 9.000000 0.757640 0.757640 270.000000 90.000000 1 148 -12
"P03_E02_PE006"
 5.224999 0.423020 164.100006 0.000000 0.000000 270.000000 90.000000 0 149 -12
"P03_E02_PE007"
 4.549987 0.423020 164.100006 0.000000 0.000000 0.000000 90.000000 0 150 -12
"P03_E02_PE009_V"
 2.000000 2.028000 9.000000 0.757640 0.757640 180.000000 90.000000 1 151 -12
"P03_E02_PE009_V_3"
 2.000000 2.028000 9.000000 0.757640 0.757640 180.000000 90.000000 1 152 -12
"P03_E02_PE009_V_4"
 2.000000 2.028000 9.000000 0.757640 0.757640 180.000000 90.000000 1 153 -12
"P03_E02_PE009"
 17.174988 0.423020 164.100006 0.000000 0.000000 180.000000 90.000000 0 154 -12
"P03_E02_PE010"
 3.100001 0.423020 164.100006 0.000000 0.000000 90.000000 90.000000 0 155 -12
"P03_E02_PE011_V"
 2.000000 2.028000 9.000000 0.757640 0.757640 180.000000 90.000000 1 156 -12
"P03_E02_PE011"
 5.200000 0.423020 164.100006 0.000000 0.000000 180.000000 90.000000 0 157 -12
"P03_E02_ME001_V01"
 1.000000 2.028000 9.000000 0.757640 0.757640 270.000000 90.000000 1 158 -12
"P03_E02_ME001"
 14.000000 0.423020 164.100006 0.000000 0.000000 270.000000 90.000000 0 159 -12
"P03_E02_Med006"
 9.525000 0.491970 35.000000 0.000000 0.000000 90.000000 90.000000 -4 -13 -12
"P03_E02_Med007"
 7.200000 0.491970 35.000000 0.000000 0.000000 0.000000 90.000000 -4 -15 -12
"P03_E02_Med008"
 9.925000 0.491970 35.000000 0.000000 0.000000 90.000000 90.000000 -4 -15 -12
"P03_E02_FI009"
 86.913460 0.550741 817.250000 0.000000 0.000000 270.000000 180.000000 -2 -12 -12
"P03_E02_FI001"
 86.913460 0.550741 817.250000 0.000000 0.000000 270.000000 0.000000 -2 -12 -12
"P03_E03_PE012"
 3.100001 0.423020 164.100006 0.000000 0.000000 270.000000 90.000000 0 165 -13
"P03_E03_PE013_V"
 2.000000 2.028000 9.000000 0.757640 0.757640 180.000000 90.000000 1 166 -13
"P03_E03_PE013_V_5"
 2.000000 2.028000 9.000000 0.757640 0.757640 180.000000 90.000000 1 167 -13
"P03_E03_PE013_V_6"
 2.000000 2.028000 9.000000 0.757640 0.757640 180.000000 90.000000 1 168 -13
"P03_E03_PE013"
 17.175013 0.423020 164.100006 0.000000 0.000000 180.000000 90.000000 0 169 -13
"P03_E03_PE014_V"
 1.000000 2.028000 9.000000 0.757640 0.757640 90.000000 90.000000 1 170 -13
"P03_E03_PE014"
 14.000000 0.423020 164.100006 0.000000 0.000000 90.000000 90.000000 0 171 -13
"P03_E03_PE015"
 4.550014 0.423020 164.100006 0.000000 0.000000 0.000000 90.000000 0 172 -13
"P03_E03_PE016_V"
 1.000000 2.028000 9.000000 0.757640 0.757640 90.000000 90.000000 1 173 -13
"P03_E03_PE016"
 6.550000 0.423020 164.100006 0.000000 0.000000 90.000000 90.000000 0 174 -13
"P03_E03_Med010"
 8.599999 0.491970 35.000000 0.000000 0.000000 270.000000 90.000000 -4 -15 -13
"P03_E03_Med011"
 7.624999 0.491970 35.000000 0.000000 0.000000 0.000000 90.000000 -4 -14 -13
"P03_E03_Med012"
 1.964211 0.491970 35.000000 0.000000 0.000000 317.579132 90.000000 -4 -14 -13
"P03_E03_Med013"
 9.550000 0.491970 35.000000 0.000000 0.000000 0.000000 90.000000 -4 -14 -13
"P03_E03_FI014"
 75.940720 0.550741 817.250000 0.000000 0.000000 270.000000 180.000000 -2 -13 -13
"P03_E03_FI001"
 75.940727 0.550741 817.250000 0.000000 0.000000 270.000000 0.000000 -2 -13 -13
"P03_E04_PE017"
 6.475000 0.423020 164.100006 0.000000 0.000000 270.000000 90.000000 0 181 -14
"P03_E04_PE018_V"
 1.000000 2.028000 9.000000 0.757640 0.757640 90.000000 90.000000 1 182 -14
"P03_E04_PE018"
 4.550000 0.423020 164.100006 0.000000 0.000000 90.000000 90.000000 0 183 -14
"P03_E04_PE019"
 4.550014 0.423020 164.100006 0.000000 0.000000 180.000000 90.000000 0 184 -14
"P03_E04_PE020_V"
 1.000000 2.028000 9.000000 0.757640 0.757640 90.000000 90.000000 1 185 -14
"P03_E04_PE020"
 14.000000 0.423020 164.100006 0.000000 0.000000 90.000000 90.000000 0 186 -14
"P03_E04_PE021_V"
 2.000000 2.028000 9.000000 0.757640 0.757640 0.000000 90.000000 1 187 -14
"P03_E04_PE021_V_7"
 2.000000 2.028000 9.000000 0.757640 0.757640 0.000000 90.000000 1 188 -14
"P03_E04_PE021_V_8"
 2.000000 2.028000 9.000000 0.757640 0.757640 0.000000 90.000000 1 189 -14
"P03_E04_PE021"
 17.175013 0.423020 164.100006 0.000000 0.000000 0.000000 90.000000 0 190 -14
"P03_E04_Med015"
 15.400001 0.491970 35.000000 0.000000 0.000000 270.000000 90.000000 -4 -15 -14
"P03_E04_FI016"
 74.337334 0.550741 817.250000 0.000000 0.000000 270.000000 180.000000 -2 -14 -14
"P03_E04_FI002"
 74.337334 0.550741 817.250000 0.000000 0.000000 270.000000 0.000000 -2 -14 -14
"P03_E05_PE022_V"
 2.000000 2.028000 9.000000 0.757640 0.757640 0.000000 90.000000 1 194 -15
"P03_E05_PE022"
 5.200000 0.423020 164.100006 0.000000 0.000000 0.000000 90.000000 0 195 -15
"P03_E05_FI017"
 27.648003 0.550741 817.250000 0.000000 0.000000 270.000000 180.000000 -2 -15 -15
"P03_E05_FI002"
 27.648003 0.550741 817.250000 0.000000 0.000000 270.000000 0.000000 -2 -15 -15
"P04_E01_PE001_V"
 1.000000 2.028000 9.000000 0.757640 0.757640 270.000000 90.000000 1 198 -16
"P04_E01_PE001"
 14.000000 0.423020 164.100006 0.000000 0.000000 270.000000 90.000000 0 199 -16
"P04_E01_PE002"
 4.549987 0.423020 164.100006 0.000000 0.000000 180.000000 90.000000 0 200 -16
"P04_E01_PE003_V"
 1.000000 2.028000 9.000000 0.757640 0.757640 270.000000 90.000000 1 201 -16
"P04_E01_PE003"
 5.875000 0.423020 164.100006 0.000000 0.000000 270.000000 90.000000 0 202 -16
"P04_E01_PE004"
 6.475000 0.423020 164.100006 0.000000 0.000000 90.000000 90.000000 0 203 -16
"P04_E01_PE005_V"
 2.000000 2.028000 9.000000 0.757640 0.757640 0.000000 90.000000 1 204 -16
"P04_E01_PE005_V_1"
 2.000000 2.028000 9.000000 0.757640 0.757640 0.000000 90.000000 1 205 -16
"P04_E01_PE005_V_2"
 2.000000 2.028000 9.000000 0.757640 0.757640 0.000000 90.000000 1 206 -16
"P04_E01_PE005"
 17.174988 0.423020 164.100006 0.000000 0.000000 0.000000 90.000000 0 207 -16
"P04_E01_CUB001"
 74.337273 0.238683 527.340027 0.000000 0.000000 270.000000 0.000000 0 208 -16
"P04_E01_Med001"
 9.549999 0.491970 35.000000 0.000000 0.000000 180.000000 90.000000 -4 -17 -16
"P04_E01_Med002"
 1.964212 0.491970 35.000000 0.000000 0.000000 137.579163 90.000000 -4 -17 -16
"P04_E01_Med003"
 7.624999 0.491970 35.000000 0.000000 0.000000 180.000000 90.000000 -4 -17 -16
"P04_E01_Med004"
 14.075001 0.491970 35.000000 0.000000 0.000000 90.000000 90.000000 -4 -20 -16
"P04_E01_FI005"
 74.337273 0.550741 817.250000 0.000000 0.000000 270.000000 180.000000 -2 -16 -16
"P04_E02_PE006_V"
 1.000000 2.028000 9.000000 0.757640 0.757640 270.000000 90.000000 1 214 -17
"P04_E02_PE006"
 5.224999 0.423020 164.100006 0.000000 0.000000 270.000000 90.000000 0 215 -17
"P04_E02_PE007"
 4.549987 0.423020 164.100006 0.000000 0.000000 0.000000 90.000000 0 216 -17
"P04_E02_PE008_V"
 2.000000 2.028000 9.000000 0.757640 0.757640 180.000000 90.000000 1 217 -17
"P04_E02_PE008_V_3"
 2.000000 2.028000 9.000000 0.757640 0.757640 180.000000 90.000000 1 218 -17
"P04_E02_PE008_V_4"
 2.000000 2.028000 9.000000 0.757640 0.757640 180.000000 90.000000 1 219 -17
"P04_E02_PE008"
 17.174988 0.423020 164.100006 0.000000 0.000000 180.000000 90.000000 0 220 -17
"P04_E02_PE009"
 3.100001 0.423020 164.100006 0.000000 0.000000 90.000000 90.000000 0 221 -17
"P04_E02_PE010_V"
 2.000000 2.028000 9.000000 0.757640 0.757640 180.000000 90.000000 1 222 -17
"P04_E02_PE010"
 5.200000 0.423020 164.100006 0.000000 0.000000 180.000000 90.000000 0 223 -17
"P04_E02_PE011_V"
 1.000000 2.028000 9.000000 0.757640 0.757640 270.000000 90.000000 1 224 -17
"P04_E02_PE011"
 14.000000 0.423020 164.100006 0.000000 0.000000 270.000000 90.000000 0 225 -17
"P04_E02_CUB001"
 86.913460 0.238683 527.340027 0.000000 0.000000 270.000000 0.000000 0 226 -17
"P04_E02_Med006"
 9.525000 0.491970 35.000000 0.000000 0.000000 90.000000 90.000000 -4 -18 -17
"P04_E02_Med007"
 7.200000 0.491970 35.000000 0.000000 0.000000 0.000000 90.000000 -4 -20 -17
"P04_E02_Med008"
 9.925000 0.491970 35.000000 0.000000 0.000000 90.000000 90.000000 -4 -20 -17
"P04_E02_FI009"
 86.913460 0.550741 817.250000 0.000000 0.000000 270.000000 180.000000 -2 -17 -17
"P04_E03_PE012"
 3.100001 0.423020 164.100006 0.000000 0.000000 270.000000 90.000000 0 231 -18
"P04_E03_PE013_V"
 2.000000 2.028000 9.000000 0.757640 0.757640 180.000000 90.000000 1 232 -18
"P04_E03_PE013_V_5"
 2.000000 2.028000 9.000000 0.757640 0.757640 180.000000 90.000000 1 233 -18
"P04_E03_PE013_V_6"
 2.000000 2.028000 9.000000 0.757640 0.757640 180.000000 90.000000 1 234 -18
"P04_E03_PE013"
 17.175013 0.423020 164.100006 0.000000 0.000000 180.000000 90.000000 0 235 -18
"P04_E03_PE014_V"
 1.000000 2.028000 9.000000 0.757640 0.757640 90.000000 90.000000 1 236 -18
"P04_E03_PE014"
 14.000000 0.423020 164.100006 0.000000 0.000000 90.000000 90.000000 0 237 -18
"P04_E03_PE015"
 4.550014 0.423020 164.100006 0.000000 0.000000 0.000000 90.000000 0 238 -18
"P04_E03_PE016_V"
 1.000000 2.028000 9.000000 0.757640 0.757640 90.000000 90.000000 1 239 -18
"P04_E03_PE016"
 6.550000 0.423020 164.100006 0.000000 0.000000 90.000000 90.000000 0 240 -18
"P04_E03_CUB001"
 75.940727 0.238683 527.340027 0.000000 0.000000 270.000000 0.000000 0 241 -18
"P04_E03_Med010"
 8.599999 0.491970 35.000000 0.000000 0.000000 270.000000 90.000000 -4 -20 -18
"P04_E03_Med011"
 7.624999 0.491970 35.000000 0.000000 0.000000 0.000000 90.000000 -4 -19 -18
"P04_E03_Med012"
 1.964211 0.491970 35.000000 0.000000 0.000000 317.579132 90.000000 -4 -19 -18
"P04_E03_Med013"
 9.550000 0.491970 35.000000 0.000000 0.000000 0.000000 90.000000 -4 -19 -18
"P04_E03_FI014"
 75.940720 0.550741 817.250000 0.000000 0.000000 270.000000 180.000000 -2 -18 -18
"P04_E04_PE017"
 6.475000 0.423020 164.100006 0.000000 0.000000 270.000000 90.000000 0 247 -19
"P04_E04_PE018_V"
 1.000000 2.028000 9.000000 0.757640 0.757640 90.000000 90.000000 1 248 -19
"P04_E04_PE018"
 4.550000 0.423020 164.100006 0.000000 0.000000 90.000000 90.000000 0 249 -19
"P04_E04_PE019"
 4.550014 0.423020 164.100006 0.000000 0.000000 180.000000 90.000000 0 250 -19
"P04_E04_PE020_V"
 1.000000 2.028000 9.000000 0.757640 0.757640 90.000000 90.000000 1 251 -19
"P04_E04_PE020"
 14.000000 0.423020 164.100006 0.000000 0.000000 90.000000 90.000000 0 252 -19
"P04_E04_PE021_V"
 2.000000 2.028000 9.000000 0.757640 0.757640 0.000000 90.000000 1 253 -19
"P04_E04_PE021_V_7"
 2.000000 2.028000 9.000000 0.757640 0.757640 0.000000 90.000000 1 254 -19
"P04_E04_PE021_V_8"
 2.000000 2.028000 9.000000 0.757640 0.757640 0.000000 90.000000 1 255 -19
"P04_E04_PE021"
 17.175013 0.423020 164.100006 0.000000 0.000000 0.000000 90.000000 0 256 -19
"P04_E04_CUB001"
 74.337334 0.238683 527.340027 0.000000 0.000000 270.000000 0.000000 0 257 -19
"P04_E04_Med015"
 15.400001 0.491970 35.000000 0.000000 0.000000 270.000000 90.000000 -4 -20 -19
"P04_E04_FI016"
 74.337334 0.550741 817.250000 0.000000 0.000000 270.000000 180.000000 -2 -19 -19
"P04_E05_PE022_V"
 2.000000 2.028000 9.000000 0.757640 0.757640 0.000000 90.000000 1 260 -20
"P04_E05_PE022"
 5.200000 0.423020 164.100006 0.000000 0.000000 0.000000 90.000000 0 261 -20
"P04_E05_CUB001"
 27.648003 0.238683 527.340027 0.000000 0.000000 270.000000 0.000000 0 262 -20
"P04_E05_FI017"
 27.648005 0.550741 817.250000 0.000000 0.000000 270.000000 180.000000 -2 -20 -20
"P01_E01"
 -1 1 74.337265 4.812179
"P01_E02"
 -2 1 86.913467 4.812179
"P01_E03"
 -3 1 75.940727 4.812179
"P01_E04"
 -4 1 74.337334 4.812179
"P01_E05"
 -5 1 27.648003 4.812179
"P02_E01"
 -6 1 74.337265 4.812179
"P02_E02"
 -7 1 86.913467 4.812179
"P02_E03"
 -8 1 75.940727 4.812179
"P02_E04"
 -9 1 74.337334 4.812179
"P02_E05"
 -10 1 27.648003 4.812179
"P03_E01"
 -11 1 74.337265 4.812179
"P03_E02"
 -12 1 86.913467 4.812179
"P03_E03"
 -13 1 75.940727 4.812179
"P03_E04"
 -14 1 74.337334 4.812179
"P03_E05"
 -15 1 27.648003 4.812179
"P04_E01"
 -16 1 74.337265 4.812179
"P04_E02"
 -17 1 86.913467 4.812179
"P04_E03"
 -18 1 75.940727 4.812179
"P04_E04"
 -19 1 74.337334 4.812179
"P04_E05"
 -20 1 27.648003 4.812179
