0 ; 60.243954
1 ; 81.270691
2 ; 101.231155
3 ; 98.199463
4 ; 83.033714
5 ; 104.220444
6 ; 110.897316
7 ; 88.919785
8 ; 195.537262
"P02_E01_PE001_V"; 180.000000; 11.000000; 83033.734375; 82091.632812; 51633.085938; 51633.085938; 6583.221191
"P02_E01_PE002_V"; 90.000000; 6.600000; 101231.226562; 101152.929688; 76249.914062; 76249.914062; 2859.372559
"P02_E01_PE003_V"; 0.000000; 6.600000; 60244.039062; 59161.492188; 45646.957031; 45646.957031; 1711.761230
"P02_E01_PE004_V"; 270.000000; 4.400000; 110897.351562; 110819.164062; 82515.625000; 82515.625000; 0.000000
"P03_E01C001_V1"; 180.000000; 1.000000; 170398.281250; 170519.750000; 170519.750000; 170519.750000; 21741.267578
"P03_E01C003_V1"; 0.000000; 1.000000; 137614.031250; 137412.968750; 137412.968750; 137412.968750; 5152.984863
