Nombre
 A U p f fv angNorte tilt tipo codigo0 codigo1
32 7
"P02_E01_FI001"
 63.999996 0.369712 518.375000 0.000000 0.000000 270.000000 180.000000 0 -1 -2
"P02_E01_PE001_V"
 11.000000 1.125000 9.000000 0.370779 0.370779 180.000000 90.000000 1 5 -2
"P02_E01_PE001"
 21.000000 0.215687 366.750000 0.000000 0.000000 180.000000 90.000000 0 6 -2
"P02_E01_PE002_V"
 6.600000 1.125000 9.000000 0.536477 0.536477 90.000000 90.000000 1 7 -2
"P02_E01_PE002"
 25.400000 0.215687 366.750000 0.000000 0.000000 90.000000 90.000000 0 8 -2
"P02_E01_PE003_V"
 6.600000 1.125000 9.000000 0.536477 0.536477 0.000000 90.000000 1 9 -2
"P02_E01_PE003"
 25.400000 0.215687 366.750000 0.000000 0.000000 0.000000 90.000000 0 10 -2
"P02_E01_PE004_V"
 4.400000 2.200000 60.000000 0.026400 0.026400 270.000000 90.000000 2 11 -2
"P02_E01_PE004"
 27.600000 0.215687 366.750000 0.000000 0.000000 270.000000 90.000000 0 12 -2
"P02_E01_FI003"
 12.000000 0.369712 518.375000 0.000000 0.000000 270.000000 0.000000 0 -4 -2
"P02_E01_FI002"
 12.000000 0.369712 518.375000 0.000000 0.000000 270.000000 0.000000 0 -5 -2
"P02_E01_FI004"
 12.000000 0.369712 518.375000 0.000000 0.000000 270.000000 0.000000 0 -6 -2
"P02_E01_FI005"
 12.000001 0.369712 518.375000 0.000000 0.000000 270.000000 0.000000 0 -7 -2
"P03_E01_FI001"
 16.000000 0.369712 518.375000 0.000000 0.000000 270.000000 180.000000 -5 -2 -3
"P03_E01C001_V1"
 1.000000 1.125000 9.000000 0.370779 0.370779 180.000000 44.999989 1 18 -3
"P03_E01C001"
 4.656854 0.166815 259.375000 0.000000 0.000000 180.000000 45.000004 0 19 -3
"P03_E01C002"
 5.656854 0.166815 259.375000 0.000000 0.000000 90.000000 45.000000 0 20 -3
"P03_E01C003_V1"
 1.000000 1.125000 9.000000 0.536477 0.536477 0.000000 45.000000 1 21 -3
"P03_E01C003"
 4.656854 0.166815 259.375000 0.000000 0.000000 0.000000 45.000004 0 22 -3
"P03_E01C004"
 5.656854 0.166815 259.375000 0.000000 0.000000 270.000000 45.000004 0 23 -3
"P03_E01_MED001"
 9.999999 0.687099 44.500000 0.000000 0.000000 180.000000 90.000000 -2 -3 -3
"P03_E01_MED002"
 9.999999 0.687099 44.500000 0.000000 0.000000 90.000000 90.000000 -2 -3 -3
"P03_E01_MED003"
 9.999999 0.687099 44.500000 0.000000 0.000000 0.000000 90.000000 -2 -3 -3
"P03_E01_MED004"
 9.999999 0.687099 44.500000 0.000000 0.000000 270.000000 90.000000 -2 -3 -3
"P03_E01_Med001"
 2.000000 0.687099 44.500000 0.000000 0.000000 180.000000 90.000000 0 -4 -3
"P03_E01_Med002"
 2.000000 0.687099 44.500000 0.000000 0.000000 90.000000 90.000000 0 -5 -3
"P03_E01_Med003"
 2.000000 0.687099 44.500000 0.000000 0.000000 0.000000 90.000000 0 -6 -3
"P03_E01_Med004"
 2.000000 0.687099 44.500000 0.000000 0.000000 270.000000 90.000000 0 -7 -3
"P03_E02F001"
 12.000000 0.687099 44.500000 0.000000 0.000000 90.000000 90.000000 0 -4 -4
"P03_E03F002"
 12.000000 0.687099 44.500000 0.000000 0.000000 270.000000 0.000000 0 -5 -5
"P03_E04F003"
 12.000000 0.687099 44.500000 0.000000 0.000000 270.000000 0.000000 0 -6 -6
"P03_E05F004"
 12.000001 0.687099 44.500000 0.000000 0.000000 270.000000 0.000000 0 -7 -7
"P01_E01"
 -1 0 64.000000 0.000000
"P02_E01"
 -2 1 64.000000 4.812179
"P03_E01"
 -3 1 16.000000 4.812179
"P03_E02"
 -4 0 12.000000 0.000000
"P03_E03"
 -5 0 12.000000 0.000000
"P03_E04"
 -6 0 12.000000 0.000000
"P03_E05"
 -7 0 12.000000 0.000000
