0 ; 60.243954
1 ; 81.270691
2 ; 101.231155
3 ; 98.199463
4 ; 83.033714
5 ; 104.220444
6 ; 110.897316
7 ; 88.919785
8 ; 195.537262
"P02_E01_PE001_V"; 180.000000; 11.000000; 83033.734375; 82091.632812; 51633.085938; 51633.085938; 1936.242188
"P02_E01_PE002_V"; 90.000000; 6.600000; 101231.226562; 101152.929688; 76249.914062; 76249.914062; 2859.372559
"P02_E01_PE003_V"; 0.000000; 6.600000; 60244.039062; 59161.492188; 45646.957031; 45646.957031; 1711.761230
"P02_E01_PE004_V"; 270.000000; 2.200000; 110897.351562; 110819.164062; 77502.500000; 77502.500000; 0.000000
"P02_E01_PE004_V2"; 270.000000; 4.400000; 110897.351562; 110819.164062; 82515.625000; 82515.625000; 3094.335693
