Nombre
 A U p f fv angNorte tilt tipo codigo0 codigo1
11 3
"P02_E01_FI001"
 63.999996 0.227851 584.250000 0.000000 0.000000 270.000000 180.000000 0 -1 -2
"P02_E01_PE001_V"
 11.000000 1.125000 9.000000 0.370779 0.370779 180.000000 90.000000 1 5 -2
"P02_E01_PE001"
 21.000000 0.215687 366.750000 0.000000 0.000000 180.000000 90.000000 0 6 -2
"P02_E01_PE002_V"
 6.600000 1.125000 9.000000 0.536477 0.536477 90.000000 90.000000 1 7 -2
"P02_E01_PE002"
 25.400000 0.215687 366.750000 0.000000 0.000000 90.000000 90.000000 0 8 -2
"P02_E01_PE003_V"
 6.600000 1.125000 9.000000 0.536477 0.536477 0.000000 90.000000 1 9 -2
"P02_E01_PE003"
 25.400000 0.215687 366.750000 0.000000 0.000000 0.000000 90.000000 0 10 -2
"P02_E01_PE004_V"
 2.200000 2.200000 60.000000 0.026400 0.026400 270.000000 90.000000 2 11 -2
"P02_E01_PE004_V2"
 4.400000 1.125000 9.000000 0.370779 0.370779 270.000000 90.000000 1 12 -2
"P02_E01_PE004"
 25.400000 0.215687 366.750000 0.000000 0.000000 270.000000 90.000000 0 13 -2
"P02_E01_FI002"
 63.999996 0.227851 584.250000 0.000000 0.000000 270.000000 0.000000 0 -3 -2
"P01_E01"
 -1 0 64.000000 0.000000
"P02_E01"
 -2 1 64.000000 4.812179
"P03_E01"
 -3 0 64.000000 0.000000
